-27
7
1
-30
30
0
2
24
9
49
-18
2
-41
35
22
-7
17
-6
38
-3
7
-2
102
17
-33
-7
71
93
120
124
-6
-46
-41
-34
31
-7
6
39
-23
55
45
-12
13
37
1
-18
-6
19
-5
12
26
-4
-8
-7
-20
20
-10
-1
-11
127
-14
-33
-12
-5
38
-29
21
-20
127
-6
17
-2
41
65
-37
-13
105
-126
-93
32
-43
-52
113
28
33
123
-17
-3
27
-127
-22
-49
35
49
39
-10
6
-4
51
-23
3
-84
37
27
6
14
-68
0
11
27
-16
61
-8
69
44
-70
-7
-24
13
55
-19
-49
-27
27
26
-9
52
-7
-16
4
11
-12
-10
41
-83
65
64
125
-39
51
-22
-28
43
9
-23
-82
107
59
23
-122
127
-127
20
13
-128
-27
42
66
-128
-67
125
124
50
-128
119
127
126
-10
-15
-52
100
127
42
-128
65
4
-86
-112
-95
1
-11
15
38
39
127
-74
-18
-126
57
97
76
-26
