31
-17
7
37
-16
-128
-27
127
-65
77
-19
6
17
127
-112
56
-16
3
16
59
-34
-128
-15
67
-88
29
-61
-27
23
8
-128
5
-30
-9
63
-65
36
82
8
11
68
19
61
28
-21
127
41
18
-15
34
-23
27
-9
-12
15
32
-23
70
44
-9
-6
3
-15
-2
-10
48
-29
5
-15
-19
23
1
2
1
-14
-1
58
1
-27
-31
30
-32
25
10
31
-128
127
-12
-10
10
127
26
-33
-7
-7
-6
3
96
57
-43
8
-128
33
-80
-29
-122
-45
-39
43
9
23
-11
8
-29
-14
52
-8
-40
7
-4
-14
22
26
5
62
19
29
-9
-8
14
92
19
0
-33
-24
-46
68
16
-11
-3
6
3
-36
55
127
29
127
-48
15
-128
13
54
63
-109
-22
127
2
-128
-65
93
11
62
4
-26
2
31
-8
-21
39
22
42
-6
9
-38
80
-19
-8
62
48
40
-16
127
22
81
-15
-54
-37
-8
12
29
-18
55
